 4B 4F 44 4C 00 00 00 00 B6 08 00 00 00 00 0A 00 06 00 00 00 C7 15 E7 03 00 00 19 1C 00 00 02 00 0C 00 EB 24 F0 E9 
 4B 4F 44 4C 00 00 00 00 B1 08 00 00 00 00 0A 00 06 00 00 00 B7 15 E7 03 00 00 19 1C 00 00 02 00 0C 00 68 92 A2 FC 
 4B 4F 44 4C 00 00 00 00 B1 08 00 00 00 00 0A 00 06 00 00 00 C7 15 E7 03 00 00 19 1C 00 00 02 00 0C 00 9C 13 E8 D8 
 4B 4F 44 4C 00 00 00 00 B7 08 00 00 00 00 0A 00 06 00 00 00 C7 15 E7 03 00 00 19 1C 00 00 02 00 0C 00 CC 41 D5 68 
 4B 4F 44 4C 00 00 00 00 B3 08 00 00 00 00 0A 00 06 00 00 00 B7 15 E7 03 00 00 19 1C 00 00 02 00 0C 00 67 5E 99 25 
 4B 4F 44 4C 00 00 00 00 B3 08 00 00 00 00 0A 00 06 00 00 00 AF 15 E7 03 00 00 19 1C 00 00 02 00 0C 00 65 C5 8D 2F 
 4B 4F 44 4C 00 00 00 00 B3 08 00 00 00 00 0A 00 06 00 00 00 AF 15 E7 03 00 00 19 1C 00 00 02 00 0C 00 65 C5 8D 2F 
 4B 4F 44 4C 00 00 00 00 B7 08 00 00 00 00 0A 00 06 00 00 00 CF 15 E7 03 00 00 19 1C 00 00 02 00 0C 00 32 37 D9 6E 
 4B 4F 44 4C 00 00 00 00 B3 08 00 00 00 00 0A 00 06 00 00 00 AF 15 E7 03 00 00 19 1C 00 00 02 00 0C 00 65 C5 8D 2F 
 4B 4F 44 4C 00 00 00 00 B1 08 00 00 00 00 0A 00 06 00 00 00 B7 15 E7 03 00 00 19 1C 00 00 02 00 0C 00 68 92 A2 FC 
 4B 4F 44 4C 00 00 00 00 B6 08 00 00 00 00 0A 00 06 00 00 00 DF 15 E7 03 00 00 19 1C 00 00 02 00 0C 00 E9 BF E4 E3 
 4B 4F 44 4C 00 00 00 00 B3 08 00 00 00 00 0A 00 06 00 00 00 B7 15 E7 03 00 00 19 1C 00 00 02 00 0C 00 67 5E 99 25 
 4B 4F 44 4C 00 00 00 00 B1 08 00 00 00 00 0A 00 06 00 00 00 B7 15 E7 03 00 00 19 1C 00 00 02 00 0C 00 68 92 A2 FC 
 4B 4F 44 4C 00 00 00 00 B1 08 00 00 00 00 0A 00 06 00 00 00 AF 15 E7 03 00 00 19 1C 00 00 02 00 0C 00 6A 09 B6 F6 
 4B 4F 44 4C 00 00 00 00 B1 08 00 00 00 00 0A 00 06 00 00 00 AF 15 E7 03 00 00 19 1C 00 00 02 00 0C 00 6A 09 B6 F6 
 4B 4F 44 4C 00 00 00 00 B3 08 00 00 00 00 0A 00 06 00 00 00 B7 15 E7 03 00 00 19 1C 00 00 02 00 0C 00 67 5E 99 25 
 4B 4F 44 4C 00 00 00 00 B9 08 00 00 00 00 0A 00 06 00 00 00 CF 15 E7 03 00 00 19 1C 00 00 02 00 0C 00 DC 59 E9 0C 
 4B 4F 44 4C 00 00 00 00 B3 08 00 00 00 00 0A 00 06 00 00 00 B7 15 E7 03 00 00 19 1C 00 00 02 00 0C 00 67 5E 99 25 


ECBDC14F  4B 4F 44 4C 00 00 00 00 B3 08 00 00 00 00 0A 00 06 00 00 00 B7 15 E7 03 00 00 19 1C 00 00 02 00 0C 00 67 5E 99 25 
26D8347F  4B 4F 44 4C 00 00 00 00 B1 08 00 00 00 00 0A 00 06 00 00 00 BF 15 E7 03 00 00 19 1C 00 00 02 00 0C 00 96 E4 AE FA 
26D8347F  4B 4F 44 4C 00 00 00 00 B1 08 00 00 00 00 0A 00 06 00 00 00 BF 15 E7 03 00 00 19 1C 00 00 02 00 0C 00 96 E4 AE FA 
B6BE1222  4B 4F 44 4C 00 00 00 00 B3 08 00 00 00 00 0A 00 06 00 00 00 BF 15 E7 03 00 00 19 1C 00 00 02 00 0C 00 99 28 95 23 
E67B1289  4B 4F 44 4C 00 00 00 00 B6 08 00 00 00 00 0A 00 06 00 00 00 DF 15 E7 03 00 00 19 1C 00 00 02 00 0C 00 E9 BF E4 E3 

0x

4B8466FB  4B 4F 44 4C 00 00 00 00 B6 08 00 00 00 00 72 06 00 00 00 00 C7 15 E7 03 00 00 17 18 00 00 02 00 0C 00 F3 07 E6 0C 
6A346D6A  4B 4F 44 4C 00 00 00 00 B7 08 00 00 00 00 72 06 00 00 00 00 CF 15 E7 03 00 00 17 18 00 00 02 00 0C 00 2A 14 CF 8B 
A64E1481  4B 4F 44 4C 00 00 00 00 B0 08 00 00 00 00 72 06 00 00 00 00 C7 15 E7 03 00 00 17 18 00 00 02 00 0C 00 A3 55 DB BC 
